Numeros: 
0.005706557289260623
0.0059086548491642564
0.006588882172215809
0.0030615079863747156
0.004128013332540454
0.0028825857308968006
0.005792608986294168
0.0025109296512882927
0.004176389772821758
0.0018537025771015198
0.005031634077497389
0.003533276963661097
0.003649929378550163
0.005299763891195545
0.004034302121169495
0.0018748112983160243
0.0030816940401494474
0.005294014438679143
0.0035907122429732637
0.0017838541688505252
0.004511613286462395
0.005477735823804553
0.003582992329560259
0.005937161764627931
0.005979609188752132
0.002231929950076153
0.004050800469087963
0.0025869503469713485
0.006824647886104059
0.0019298284514671438
0.0021651767820132905
0.005681948563013045
0.002206046627165813
0.005881773128087837
0.005329119391789345
0.003206142487630251
0.005768015166128583
0.0059288370757289285
0.00299441250979273
0.0014471052230930741
0.00288137196213192
0.0055689536492694374
0.0039661649725505985
0.005466585964135164
0.006028061136335115
0.005677785081974675
0.002642809856329831
0.003099338917081244
0.005992437761039349
0.0036678375972771207
0.005931978891873758
0.005581754112097374
0.005443878564808364
0.005492435055366748
0.005134161790698612
0.004268703251088692
0.00345112286359935
0.005526031276603812
0.0018893055696641127
0.0022749140463065266
0.005941719138946129
0.0018263581070729323
0.005942565193129589
0.006550429562651276
0.004039396155691891
0.002820162413007847
0.003561580344837236
0.0031605076140318504
0.0048124556172530735
0.0018671788325660627
0.006736795665981757
0.005131181618751852
0.003470090916414951
0.004290587611538043
0.005403242407035354
0.0031258007153357782
0.0026126831340810347
0.0034003896810831957
0.004683770682227267
0.0025455210561924147
0.0022453016850361744
0.0038175786788464004
0.0040136434169817485
0.002768612993527665
0.0042419342577745146
0.002640276528060451
0.00396201426495936
0.006381988193388498
0.006226998601472378
0.0017898669991820671
0.004837247889914263
0.004280445796898749
0.0040902031621557235
0.006754323320789975
0.005902108879600382
0.006707761255676024
0.002870697425233713
0.0017658002263631458
0.002120566274069464
0.006101077054167599
0.002322109091087348
0.006931044677054103
0.006480798624545229
0.002688478511526757
0.0014101212460462548
0.004000008588438525
0.001975908031787421
0.00344484465738432
0.006312195780042475
0.0055603060409365355
0.002767851210909108
0.0019259582351709896
0.002213746945180787
0.0034765921399316237
0.004410748091560871
0.002307749765179376
0.0035320351076018395
0.0068192621912988955
0.003970519221878255
0.004605535620645881
0.003529912784838565
0.003994481319756764
0.0018415840267689172
0.0024834965177206883
